67956022
86090533
62215019
68472672
71804463
48141939
51000258
51445285
22313
18423
12817
12057
11137
8436
5663
17614
10567
18001
3184
18743
4383
5919
12964
11466
3720
9581
10236
16055
4560
6466
3845
10
16772
11691
10886
19981
5339
20216
5028
6129
91
10960
10646
21769
19020
6698
27941
23287
4888
24846
3244
11077
3902
21857
10568
24061
3189
341
5978
4510
25551
3432
12197
6868
11266
8966
9290
5138
345
12821
26816
7508
5254
12570
11117
4158
27292
1376
5642
8998
5787
9346
5734
5795
9534
10624
11875
7676
7299
6987
10969
11748
6930
25860
7245
12165
36641
28891
4436
5162
2707
4540
237
5966
4402
3100
6188
9219
5642
5555
3781
3819
5168
7266
3185
28076
4269
7041
87
11273
7858
11812
7332
5940
8017
3192
5692
5742
3614
9341
8437
25549
40256
4001
29148
3205
16247
4472
31490
5924
3684
3181
4861
2704
4152
4801
3786
411
4156
7145
5809
2509
6316
2918
2689
4687
3048
3542
2828
1179
3928
6280
8647
4827
1374
2188
4158
10303
5305
4546
6460
3704
7157
7171
2523
25271
2789
10613
7540
23680
30827
12567
36477
81590
44846
114325
167713
339366
509020
41589222
45452918
