0.0707455
0.0802738
0.0702537
0.0820685
0.0704446
0.0702273
0.0707377
0.0698231
0.0696092
0.0733087
0.0705728
0.0701713
0.0708699
0.0701611
0.0696452
0.0703202
0.0684219
0.0758497
0.074131
0.0716052
0.0977993
0.204843
0.0733921
0.157271
0.132285
0.185505
0.135677
0.101063
0.100046
0.130788
0.142186
0.0723798
0.128225
0.0692972
0.0744287
0.150371
0.0721394
0.122392
0.126981
0.130196
0.124231
0.0760986
0.0729272
0.0724863
0.0769344
0.0721483
0.0770894
0.133464
0.0720792
0.0859566
0.106474
0.0736819
0.107171
0.0661825
0.0956
0.128944
0.0753305
0.136222
0.0695878
0.102484
0.131799
0.0772863
0.194217
0.0735534
0.0825319
0.0660754
0.096984
0.0749202
0.153537
0.1102
0.0951256
0.0747497
0.0829431
0.0725806
0.0701327
0.0831857
0.0732823
0.0908245
0.0702149
0.0861148
0.0699206
0.0747556
0.0682179
0.0889213
0.0795104
0.0758161
0.120725
0.182687
0.109819
0.0746188
0.0687219
0.08138
0.0688307
0.0726095
0.0924911
0.0901531
0.0780988
0.0783284
0.0780023
0.181919
0.071959
0.0738986
0.101146
0.0797693
0.0822103
0.221523
0.0759264
0.0809852
0.221514
0.109486
0.0758746
0.25098
0.260163
0.204726
0.0788194
0.0843278
0.0741896
0.0692456
0.0753075
0.0777088
0.133195
0.228845
0.0892221
0.212096
0.193263
0.0716705
0.0731091
0.196681
0.0706533
0.221927
0.075228
0.130044
0.0753939
0.0778761
0.0937423
0.0714795
0.0669011
0.135922
0.0809045
0.132423
0.261979
0.068378
0.0802502
0.0714086
0.0885859
0.0914627
0.0748584
0.178457
0.169204
0.411912
0.0722345
0.537608
0.0719596
0.12556
0.0735164
0.0730906
0.179894
0.129542
0.19882
0.136608
0.0727363
0.0790197
0.0732861
0.0748447
0.233952
0.101566
0.0771325
0.143925
0.261996
0.079438
0.0765328
0.0820705
0.0797823
0.225282
0.0764533
0.453903
0.0741818
0.150296
0.0877609
0.224695
0.0856987
0.214744
0.119863
0.0718341
0.168535
0.18644
0.0736045
0.0739482
0.0759382
0.0701894
0.074435
0.0820722
0.107644
0.0931625
0.287423
0.0790257
0.10261
0.247408
0.403523
0.114118
0.172702
0.0678319
0.0906579
0.356857
0.0701298
0.0762677
0.0838714
0.0843614
0.201103
0.102549
0.0738825
0.0733503
0.0818247
0.0814863
0.069299
0.0721135
0.0713459
0.169078
0.069897
0.232234
0.0753441
0.131201
0.0708951
0.0763163
0.0826456
0.342157
0.107585
0.0738685
0.0770512
0.0712084
0.0813674
0.239103
0.0754953
0.0682897
0.0673948
0.0778016
0.221545
0.19486
0.160103
0.12635
0.0675205
0.0803917
0.336998
0.190419
0.0728173
0.24198
0.161405
0.30528
0.0730402
0.0712736
0.0692252
0.0699406
0.0752716
0.13356
0.0734412
0.132224
0.0744655
0.0720664
0.0728158
0.101749
0.0756461
0.316617
0.0723448
0.27782
0.207731
0.0707918
0.16064
0.0743662
0.10574
0.114734
0.0690557
0.113917
0.215287
0.0626516
0.0674078
0.0814244
0.0766578
0.0939875
0.0817737
0.222997
0.0730692
0.0685075
0.169311
0.0766102
0.171199
0.0844222
0.0766061
0.110375
0.228507
0.073973
0.073622
0.101832
0.101264
0.125212
0.0757064
0.0760795
0.0759435
0.453519
0.0911685
0.234473
0.0716314
0.07258
0.0804928
0.0767057
0.111312
0.0773898
0.112138
0.0725518
0.109984
0.0695145
0.111886
0.0771918
0.420213
0.0769168
0.0819229
0.0757523
0.0748582
0.071278
0.0713184
0.144378
0.369789
0.0784364
0.103333
0.0736571
0.0812056
0.0709585
0.0799547
0.379959
0.381668
0.0900662
0.146729
0.0718553
0.0822416
0.0731186
0.0763607
0.207959
0.076814
0.0731749
0.0983433
0.0798405
0.250027
0.0839924
0.350116
0.0777973
0.0967996
0.0819087
0.300263
0.0738564
0.0785359
0.0788883
0.0743909
0.216562
0.0700644
0.078537
0.0697603
0.0982948
0.350803
0.0815991
0.0791131
0.23393
0.078546
0.0732967
0.269436
0.0769338
0.0695963
0.254211
0.0901117
0.0817755
0.0801192
0.0845613
0.0749523
0.180896
0.115765
0.114967
0.320176
0.0702239
0.110213
0.0703282
0.0705612
0.0697922
0.0700563