0.162786
0.186986
0.212267
0.456864
0.576398
0.624161
0.152792
0.124574
0.184473
0.368912
0.523958
0.57609
0.18312
0.162029
0.112146
0.183269
0.38807
0.609844
0.530407
0.464518
0.135441
0.185418
0.151653
0.161177
0.470254
0.559029
0.255032
0.461967
0.144524
0.0865437
0.0908654
0.129507
0.145286
0.465258
0.394034
0.485654
0.38164
0.180725
0.278283
0.278048
0.263478
0.276237
0.276232
0.285311
0.273395
0.27251
0.270123
0.274244
0.251263
0.280919
0.263121
0.276005
0.276702
0.276284
0.265914
0.260883
0.26581
0.264247
0.258768
0.26799
0.260163
0.261891
0.264501
0.261677
0.262423
0.260381
0.124449
0.0801033
0.115029
0.162113
0.138124
0.24523
0.580401
0.540149
0.219267
0.260556
